%Pedrotti 3-20
%50 mm, 1:1.8
%a
f= 50;
A = 1.8;
D=f/A

%b
A(1) = 1.8
A(2) = (1.8^2*3)^0.5
A(3) = (1.8^2*9)^0.5
A(4) = (1.8^2*27)^0.5

%c
D = f./A

%d
t(1)= 1/100
t(2) = 3/100
t(3) = 9/100
t(4) = 27/100